function op=LQR_attitude_control(u,I)

x=u(1:6);

state = u(7);


% K = zeros(3,6);

K = [0.918173625185282    7.20616983922142e-19  4.56342984937461e-19   0.0879265585889898    -2.88533741010322e-19  1.38139063350689e-18;                                                                          
     -6.64550311704434e-18   0.919550963174883    4.5514134597984e-16   -3.21470757109601e-19   0.0834880485793752    7.83535067238071e-17;                                                                         
    1.49397037939004e-17   2.97524238172139e-17   0.0656991605083337   1.25069603036623e-18   3.19454548157795e-18    0.0319936433773933 ];


                                                      
                                                        


op = -K*x;

end

